Sample	CSU-TB-02194	CSU-TB-02195	CSU-TB-02196	CSU-TB-02197	CSU-TB-02198	CSU-TB-02199	CSU-TB-02200	CSU-TB-02201	CSU-TB-02202	CSU-TB-02203	CSU-TB-02204	CSU-TB-02205	CSU-TB-02206	CSU-TB-02207	CSU-TB-02423	CSU-TB-02424	CSU-TB-02425	CSU-TB-02426	CSU-TB-02427	CSU-TB-02428	CSU-TB-02430	CSU-TB-02431	CSU-TB-02433	CSU-TB-02434	CSU-TB-02435	CSU-TB-02436	CSU-TB-02437	CSU-TB-02442
Label	Activation	Activation	Activation	Activation	Activation	Activation	Activation	Activation	Activation	Activation	Activation	Activation	Activation	Activation	Incident	Incident	Incident	Incident	Incident	Incident	Incident	Incident	Incident	Incident	Incident	Activation	Incident	Incident
100.07552_5.2746	0.988878646	0.929592479	1.230075823	0.846958704	1.058476834	1.062198022	0.964872475	1.040683587	0.963484266	1.109678119	1.040747992	0.901633501	0.785603227	1.040975737	1.008980578	1.246783421	1.206122368	1.054281545	1.242026338	1.222782959	1.157624754	1.016192933	1.02104106	1.03484464	1.271093575	1.219702277	1.085644666	1.12189994
100.07555_10.0655	1.072707754	0.972337959	1.145245399	0.99710456	1.067688043	1.039705129	0.981718602	1.118647885	0.994805557	1.111371123	1.012514793	1.023301641	0.854504481	1.108249051	1.098254182	1.250355756	1.192472082	1.155776902	1.140692661	1.144579627	1.097411387	1.034231055	1.061947108	0.978510199	1.264926698	1.127072933	1.023580199	1.02759182
100.07559_9.0135	1.276779295	1.240561696	1.040565234	1.183827088	0.998019901	1.183751183	1.07106745	1.135168974	1.033876146	1.070423337	0.961533243	1.111873091	0.740912643	1.156160931	1.286495664	1.245246004	1.305322575	1.152723272	1.282090163	1.235282459	1.278496113	1.174271	1.29247391	1.194677118	1.066420566	1.141932784	1.076097696	1.100008915
102.09116_2.2705	0.860385746	0.608960043	0.92641621	0.21655187	0.657987944	0.853232713	0.889497225	0.934174229	0.743258731	1.016095315	0.922961145	0.891997426	0.833197134	0.994492078	0.974429321	1.088515534	1.038012976	0.976275507	0.842783709	0.925358784	0.894839488	0.985566735	0.911139613	0.938154003	0.979390454	0.937409404	0.935536327	0.701900041
103.03881_2.2947	0.993136722	0.896292734	1.046614642	0.900744849	1.075314974	0.990186768	0.859808729	1.017314476	0.923077296	1.012097003	0.9974415	1.004305917	0.958854668	1.013699432	1.001160937	1.074107294	1.081272601	1.059776644	1.004844446	1.07542378	0.958268323	0.987615847	0.969941401	0.972066008	1.033636026	1.062244238	1.058705014	0.966861954
103.05405_18.4979	0.801933946	0.770710569	0.838236029	0.623229201	0.708446084	0.788905268	0.83462596	1.034233658	0.855734155	0.952393433	0.926183068	0.867324293	0.218614423	0.650588493	0.874063821	1.066289453	0.989408015	0.893664786	1.018355165	1.029082102	0.915276745	0.902431077	0.847849844	0.906446398	1.008411061	0.844540489	1.013490748	0.99548761
103.05406_8.7453	0.925214753	1.031203745	0.997857363	0.869806504	1.041327071	0.94712537	0.903570799	1.037069333	0.87083703	1.011270591	0.973175258	0.988515807	0.942956098	0.935221894	0.959594514	1.105207624	1.022922542	1.073348815	1.102831651	1.07944703	0.982666759	0.943769222	0.981217766	0.958333418	1.068627848	1.10887989	0.918384151	1.006775099
105.00029_2.4249	0.77937351	0.810651425	0.859203666	0.836438241	0.867971095	0.754444673	0.772815909	0.874358062	0.74737317	0.804069077	0.84105621	0.778931418	0.714759199	0.845818993	0.874837833	1.010175654	0.868294755	0.886777403	0.813833742	0.953099175	0.83203718	0.836833955	0.843303513	0.808755324	0.995646282	0.926581281	0.848247198	0.825226149
105.03331_15.9247	0.814647474	0.922933676	0.813959034	0.599354232	0.716635586	0.76967383	0.657159118	0.853616541	0.872745232	0.893473701	0.712682962	0.840228521	0.509344828	0.702968804	0.837962364	0.93690549	0.983495007	0.872108436	0.792304657	1.011111649	0.654864597	0.805012764	0.853027052	0.768470852	0.954699727	0.769216146	0.960338183	0.773352365
105.05705_13.5131	1.096335118	1.132860342	1.092880536	0.852459018	1.049247359	1.031528272	0.98623213	1.03221953	1.051500164	1.081419307	1.060855226	1.067229119	0.849126821	1.012395099	1.087893335	1.187244673	1.15856704	1.120512707	1.113589994	1.158644704	1.029801283	1.117281614	1.079308565	1.063226977	1.149705185	1.060709811	1.117675717	1.111151239
106.044_13.5095	0.919704986	0.950596211	0.912894114	0.731488186	0.873695284	0.857109169	0.818191368	0.913327014	0.877895878	0.905258881	0.889097103	0.894282341	0.72654639	0.843074438	0.90888022	0.997840878	0.972054332	0.941244299	0.931846015	0.971327243	0.868366616	0.933003579	0.899589789	0.861933184	0.963976913	0.890629689	0.942714378	0.930993461
107.04898_14.5886	0.933026379	1.007500463	0.85118154	0.672349068	0.995601086	0.876686798	0.714357202	0.924730576	0.943306625	0.90877316	0.815935256	0.93601151	0.699700101	0.799178095	0.9788433	1.098260832	0.880417981	1.065355583	0.852871205	0.955964592	0.962659167	0.940863023	0.966655331	0.793771295	0.943702469	0.859384217	0.993036894	0.990509233
107.08535_20.6145	0.730622798	0.817948519	0.829702422	0.693272227	0.954961974	0.80926757	0.7602072	0.815521269	0.445129352	0.933700635	0.711559379	0.762304501	0.861729728	0.780567693	0.829543071	0.906607868	0.982156175	0.948193538	0.872849458	0.927555534	0.712935078	0.842036336	0.901044018	0.732825025	0.854776418	0.983173938	0.937381344	0.736662036
110.03472_9.8566	0.722448075	0.84877481	0.741346951	0.58560242	0.699434166	0.77940464	0.756490827	0.844004478	0.926549592	1.009982809	0.906485813	0.945413274	0.76899169	0.943190949	0.866608252	1.031649858	1.037387428	1.047799582	0.963008316	1.016663018	0.687931261	0.948856568	0.919255205	0.932835579	0.816002851	0.8090153	0.943504602	0.962796358
110.07109_3.1965	0.813239825	0.884351336	0.87762627	0.809283505	0.966479576	0.837927327	0.773182467	0.90635716	0.762668528	0.870747448	0.831873401	0.811211608	0.792489767	0.861175797	0.887487677	0.964919141	0.88585093	0.935457404	0.905874144	0.939670386	0.869928443	0.852702491	0.833880434	0.820062951	0.944179407	0.960441358	0.841443059	0.871152787
110.07115_1.3725	0.834143146	0.722779648	0.967825256	0.848733624	1.021294962	0.842926825	0.673263677	0.900907961	0.786056609	0.82314474	0.905032	0.929025297	0.696622972	0.749054631	0.845663515	1.033107452	0.957266123	1.023256825	1.02094928	1.028961882	0.851713528	0.877851379	0.877150194	0.938542995	1.012158314	0.953373841	0.883349254	0.894200458
111.00753_4.546	1.077289683	1.123538842	0.914555796	1.027562777	1.152341735	1.069353335	1.008697703	1.057478988	0.965826768	1.062380517	1.05497043	0.901037274	0.952346896	1.05813267	1.10722995	1.225594737	1.113768518	0.998503403	1.129817482	1.199878137	1.106471392	0.952134407	1.053594195	1.027293234	1.027163988	1.16378909	1.053382399	1.164830064
111.08028_18.1045	0.732429063	0.835245595	0.863676723	0.684392669	0.938835316	0.794997069	0.750325384	0.816246333	0.397460942	0.856654448	0.728539155	0.732113721	0.785256862	0.771306239	0.759846135	0.997294084	0.869112187	0.895271157	0.894987242	0.919181133	0.710048833	0.779253366	0.796462244	0.656999217	0.998670606	0.957944604	0.891970061	0.871710456
114.06675_1.5315	1.436585057	1.427642315	1.444692544	1.391554955	1.474765556	1.393959953	1.318643847	1.447751838	1.329216718	1.408377645	1.412457928	1.376191782	1.388670102	1.381739782	1.444707673	1.516174445	1.466306606	1.497202506	1.461520721	1.518015664	1.412527152	1.527193947	1.503014504	1.387882464	1.499855053	1.510451621	1.387778149	1.469134615
114.1276_22.1909	0.970679948	1.037998091	0.93993716	0.869756376	1.08261395	0.961385099	0.848060857	1.040309298	0.733353786	0.990696984	0.87990394	1.037332349	0.868967332	0.9884252	0.986669329	1.125677208	1.136303843	1.085319357	1.060358801	1.00449527	0.913028168	0.963734362	1.066050662	0.917259617	1.012371405	1.212678455	0.817726675	1.042190484
115.06293_1.5301	0.962155386	0.961420082	0.972545844	0.936284073	1.041895977	0.93484845	0.87787484	0.981359182	0.875332604	0.94656988	0.954679532	0.916003585	0.932774899	0.924870971	0.963530595	1.024647033	0.965433243	1.002006631	0.97113078	1.017000451	0.930902187	1.033501497	1.018467919	0.911244877	1.012955135	1.014014874	0.910293354	0.986021274
115.06945_1.5309	1.127991031	1.121529137	1.131148729	1.103962781	1.228538858	1.090390067	1.023655644	1.149703505	1.029438239	1.105167231	1.114600882	1.074123918	1.091838236	1.078106263	1.129660706	1.205309188	1.133035567	1.174728472	1.138096013	1.186035736	1.090507342	1.222456802	1.199508756	1.066818456	1.188592219	1.186786414	1.06840995	1.15625217
118.0262_3.6453	0.227276952	0.466695817	0.77193096	0.219710153	0.53975337	0.849301815	0.85313723	0.684292512	0.703915409	0.930614827	0.861817867	0.750219721	0.79529061	0.656087476	0.890698492	0.853209646	0.964822589	0.877591656	0.606576256	0.915218401	0.746172195	0.873317117	0.881653776	0.964049729	0.892190106	0.839067367	0.93632058	0.712549847
118.08622_1.5358	1.146239993	1.102657622	0.932146903	1.168500796	1.235886427	1.126372997	1.080092619	1.092733892	1.051572053	1.06958481	1.097899592	1.103540758	1.077215806	0.898024529	1.12867122	1.231558639	1.270060638	1.223068875	1.182751613	1.188589629	1.199570251	1.153953897	1.233902379	1.152467605	1.306438029	1.226640256	1.177960778	1.133976574
119.01599_5.9908	0.878828846	0.751753727	0.764949115	0.678287768	0.887524912	0.704794225	0.673504665	0.890318782	0.653516214	0.778249539	0.661020904	0.713453183	0.757415491	0.795209455	0.816561251	1.135880466	0.866381645	0.972910685	0.874220678	0.874073644	0.823620852	0.802269539	0.883322756	0.845541261	0.990640237	0.912722439	0.730116643	0.889669742
119.08952_1.5361	0.823679855	0.806367446	0.95876125	0.894216348	0.955856414	0.825818488	0.840615454	0.852281341	0.776211814	0.816191541	0.803625304	0.823405044	0.795347523	0.772889008	0.841045079	0.937419417	0.974057953	0.889556131	0.870933729	0.86734495	0.893549057	0.857469458	0.941875283	0.840217011	1.018416253	0.936384634	0.887844095	0.841281797
120.08078_8.7451	1.17162373	1.27905486	1.253494807	1.111321657	1.297169335	1.196283545	1.140887451	1.283888044	1.110626335	1.260245022	1.223059204	1.237385422	1.193634157	1.1765231	1.208606773	1.372668271	1.27979629	1.33698601	1.366791793	1.336196673	1.234938728	1.199783875	1.237844325	1.207150417	1.327431593	1.373595375	1.164696562	1.260630494
121.03954_2.3359	1.079078669	1.294497681	0.232584564	0.378716519	0.607560418	1.137304076	0.216756083	0.545979349	0.219122336	0.226914149	0.22170948	0.226445335	1.21355309	0.224156019	0.231226856	0.241146873	0.239831777	0.237569706	0.233912035	0.242978108	0.233952895	0.239616135	0.23798051	0.234071521	0.592553361	0.412265128	0.235009349	0.234131771
122.05756_9.0115	1.182675889	1.107566001	0.970282457	1.095228444	0.894826392	1.092367541	1.012595179	1.035983982	0.962359269	0.977836831	0.895136103	1.032246295	0.555166785	1.036022663	1.169178017	1.120044079	1.145562682	1.058785008	1.175193075	1.114316448	1.173457439	1.081058621	1.189575699	1.120800887	0.982213588	1.06708781	1.016566008	1.030122899
124.03922_2.2744	1.383003326	1.464255623	0.713272874	0.594763574	0.561527571	1.385820797	0.556673256	0.57068923	0.558732166	0.644794973	0.63815418	0.499328208	1.370898274	0.783113633	0.665023391	0.691084895	0.584853425	0.63777302	0.359163974	0.617993196	0.354781569	0.535512508	0.569863505	0.576535361	0.775477328	0.704974073	0.62689173	0.355407269
124.0504_8.841	0.797275682	0.803091904	0.663523802	0.227162476	0.236283182	0.733062388	0.730857073	0.761481337	0.823320056	0.856571444	0.854739397	0.89868818	0.740664003	0.751995322	1.035753719	0.944076308	0.873538713	0.916076856	0.836134124	0.882424606	0.676328437	0.843240778	0.835616321	0.862553083	0.595782028	1.100031069	0.798057686	0.888259984
125.04258_2.2639	1.105070997	1.218147887	0.22999911	0.218591339	0.226241681	1.115199645	0.216057667	0.224749973	0.219561691	0.222900746	0.220426198	0.222611598	1.102085843	0.379671155	0.22995022	0.236442108	0.238738162	0.236089514	0.234780384	0.237410175	0.231398356	0.234756388	0.235443577	0.23065667	0.23031913	0.23530538	0.231088667	0.231204741
125.05957_14.9478	0.839528066	0.875780752	0.89585976	0.768301578	0.93918632	0.895849113	0.819359082	0.888545949	0.761189003	0.970273038	0.885350751	0.831304096	0.789907482	0.868150601	0.835922402	0.978473137	0.944045521	0.932574146	0.87445453	0.918976245	0.904616998	0.862486762	0.901259566	0.830937201	0.936101124	0.996512834	0.962321154	0.960311898
125.09598_20.6508	0.806912343	0.950952878	0.982732072	0.83872524	0.934982493	0.961217638	0.907148554	0.87789302	0.606363977	1.062791453	0.808002519	0.903232397	0.616256214	0.916774384	0.936462659	1.071514042	0.990569665	1.104893927	1.036648714	1.087819247	0.646134714	0.989226657	1.055208103	0.864909507	1.018416253	1.148331452	1.0948666	0.884311881
125.11198_8.6348	0.927544577	0.930295867	0.929979877	0.929547152	0.915332393	0.919715515	0.912892688	0.930260088	0.930406808	0.916754287	0.919943995	0.921421237	0.919351121	0.918432777	0.926535414	0.939314329	0.945703192	0.941967639	0.942570129	0.950660834	0.93878143	0.94975866	0.939661877	0.942666496	0.944396404	0.948004572	0.93613037	0.945101104
126.02968_4.7003	0.831196837	0.905392033	0.9175662	0.867819293	0.894894478	0.888018515	0.852111475	0.905847455	0.861319327	0.888963169	0.885719652	0.904277503	0.839930663	0.895107973	0.914949653	0.968348921	0.922575492	0.952423943	0.947389127	0.975405694	0.923795692	0.922417808	0.915961716	0.931067193	0.947947055	0.955982111	0.925093695	0.933615237
127.04671_9.8129	0.564978949	0.66914676	0.666930084	0.219109419	0.472644077	0.729707353	0.643935038	0.675767313	0.219407472	0.749175614	0.590572737	0.590821582	0.688816563	0.218982242	0.706844386	0.737202311	0.804556302	0.787890145	0.669737794	0.828426404	0.603074748	0.670329742	0.767439556	0.620537232	0.755173005	0.780475944	0.685774009	0.232350467
129.05449_8.8002	0.6050553	0.699507657	0.938428143	0.672635708	0.78567565	0.825463594	0.789036534	0.734508967	0.767828177	0.982064861	0.888535023	0.694466254	0.731043882	0.809792069	0.897992543	0.989408322	0.93234672	0.914055294	0.610612878	0.866194592	0.822244262	0.844367464	0.872594182	0.931292738	1.012743254	0.914321121	0.958994463	0.672494824
129.0623_8.8008	0.22914976	0.223281776	0.704459624	0.218058102	0.394337272	0.566538361	0.555071272	0.224328954	0.449413773	0.755392929	0.657360311	0.220289014	0.219093286	0.556244097	0.661015778	0.750183671	0.690019682	0.66841249	0.231207328	0.618557559	0.544993835	0.547511186	0.61594868	0.694654758	0.785324627	0.680126185	0.72208198	0.233226535
130.04975_14.2459	0.812683595	0.861875512	0.909334692	0.691402919	1.011722568	0.842310933	0.698665921	0.983475177	0.729442898	0.914473216	0.891859941	0.839491321	0.790027716	0.933894782	0.919183465	1.058017796	0.976421288	0.964416914	0.984295164	1.001571862	0.952263873	0.907027774	0.860594326	0.829483313	1.008576863	0.97640919	0.887572086	0.972557519
130.04978_3.3678	0.968467705	1.032311138	0.944064464	0.976314906	1.092379173	0.998137173	0.935718825	1.056846483	0.926942323	0.958897137	0.901774196	0.976781376	0.931229794	1.014695498	0.986958552	1.126526413	1.143870473	1.087521356	1.146866372	1.094676153	0.95781872	0.915363587	1.035982492	0.897159163	1.053546949	1.117092804	0.973984209	1.017686691
130.04996_13.8842	1.272620859	1.331878646	1.308151996	1.139610763	1.393774143	1.301680733	1.24757976	1.394900433	1.210968661	1.353932694	1.323796031	1.272475976	1.033020178	1.314032688	1.246053154	1.479244099	1.433806995	1.355921828	1.387551837	1.444659003	1.275651092	1.286668912	1.283263655	1.330469671	1.413556538	1.30975168	1.302808136	1.365389996
130.06502_14.8085	1.064700494	0.912333115	0.951010353	0.892664388	1.127329185	0.855173618	0.850913049	1.010168193	0.804707336	0.887116598	0.908803019	0.879283192	0.671313086	0.91427349	1.011955501	1.080819064	1.077635023	1.004299674	0.997328629	1.188020046	0.996969211	0.838574489	1.027620809	0.893817139	1.07183731	1.108699296	0.860473799	0.93611667
130.06503_18.6714	1.178285545	1.140016422	0.929607336	0.832195592	1.114444145	1.044178693	0.975649004	0.851036834	0.96066984	1.056680216	0.862683533	0.99557394	0.765540968	1.031885139	1.127743653	1.11357539	0.954401221	1.080955834	1.147513385	1.101083448	1.14752353	0.981945337	1.171474239	1.054804111	1.00918252	1.119277635	1.1241092	1.18950337
130.08617_1.3696	0.705420012	0.709958905	0.787930683	0.718474571	0.839575177	0.744028876	0.697550868	0.817349578	0.692987124	0.720369611	0.740460377	0.795875958	0.55342226	0.72241826	0.738079353	0.888033867	0.825600883	0.852361593	0.822837007	0.830307398	0.726260634	0.757474535	0.742694254	0.732115612	0.863924313	0.813752732	0.772150806	0.768051015
131.04906_18.497	0.997122845	0.958822362	1.041633191	0.824318502	0.896340571	0.98085258	1.017382499	1.223617205	1.040746952	1.141562387	1.115906925	1.053091922	0.527306438	0.84309141	1.068619834	1.263416608	1.179912343	1.095889738	1.208952594	1.220563734	1.110880122	1.098119859	1.045163739	1.080382344	1.199029324	1.037239879	1.187578043	1.190332643
131.04912_8.7449	0.879133291	0.980814083	0.96038043	0.834222679	1.002316386	0.916862731	0.869121154	0.988530025	0.830498092	0.976369787	0.945872752	0.956904345	0.914516797	0.896510553	0.910321162	1.04855854	0.969231675	1.023795174	1.056585848	1.022896365	0.935473647	0.898940584	0.933293835	0.913213218	1.017963701	1.06092529	0.870388528	0.958032025
131.05672_18.4973	0.767279725	0.730101737	0.811923212	0.573388504	0.562425341	0.755898042	0.797771192	0.952300626	0.818260226	0.898016186	0.879250398	0.826138288	0.23379574	0.609493979	0.836564326	0.992650447	0.936059999	0.860938662	0.955649028	0.963808628	0.879645001	0.862755571	0.807472589	0.85000461	0.947847295	0.806688688	0.942416459	0.943580819
